42
multi:softprob
mlogloss
9
2
1
11
0.05966319
0.7307576
0.7310566
2.858762
13
42
multi:softprob
mlogloss
9
2
1
11
0.1538818
0.8406678
0.8065527
5.977993
4
42
multi:softprob
mlogloss
9
2
1
11
0.056939
0.8756603
0.8636804
6.063989
5
42
multi:softprob
mlogloss
9
2
1
8
0.03066656
0.9694447
0.8360151
6.999133
7
42
multi:softprob
mlogloss
9
2
1
10
0.04655386
0.8489813
0.8344567
3.964516
13
42
multi:softprob
mlogloss
9
2
1
13
0.1369689
0.9707906
0.8610051
3.011892
3
42
multi:softprob
mlogloss
9
2
1
13
0.03756341
0.7164581
0.8495196
5.408394
2
42
multi:softprob
mlogloss
9
2
1
10
0.1324324
0.8693621
0.8504095
9.159579
4
