0.544056759427
0.499943756047
0.474817498238
0.466087654842
0.502142551084
0.470229624348
0.472197785968
0.674130856733
0.479087816453
0.586550665908
0.468612010648
0.466906394454
0.489395314117
0.522860181432
0.514083240137
0.484045224769
0.473020461979
0.51949317949
0.491553134331
0.480861775355
0.541990933017
0.487057746765
0.4815129078
0.472900883158
0.473493939037
0.471220097115
0.498415063216
0.472419599851
0.56983753688
0.544743442764
0.688044598817
0.481115831873
0.472510492303
0.479477896048
0.505452532166
0.490906366276
0.519740326774
0.586137934891
0.469824972916
0.485843915401
0.471155987331
0.490510048373
0.486769402899
0.536954941257
